0	-0.0295287618396
1	-0.0382062237509
2	-0.0248231177276
3	0.0404539906565
4	-0.000625830507777
5	0.0686220781237
6	0.189821901611
7	-0.0243189435783
8	0.0890513440387
9	0.1357150617
10	0.0151067842619
11	0.109039938859
12	0.146239438485
13	0.17035666783
14	0.314783292416
15	0.104731925283
16	0.131593093918
17	0.21817472126
18	0.271725359835
19	0.16682895108
20	0.157960362128
21	0.14490980086
22	0.149596291262
23	0.27187158167
24	0.230909882962
25	0.24508635117
26	0.291255864237
27	0.262060490911
28	0.300138470648
29	0.203749393077
30	0.325597629612
31	0.249966459751
32	0.282885162259
33	0.321292161271
34	0.364258555935
35	0.231453010718
36	0.407872665256
37	0.349890256921
38	0.31844197896
39	0.367821303831
40	0.306119069079
41	0.324900110966
42	0.349787393392
43	0.41725198055
44	0.403292063977
45	0.512469065944
46	0.404644953328
47	0.507666422178
48	0.400685630981
49	0.499421655385
50	0.443884391252
51	0.476333506286
52	0.441509249224
53	0.381226221096
54	0.480435834891
55	0.668985059774
56	0.522953658813
57	0.588977557257
58	0.575286332347
59	0.531773051127
60	0.575067032304
61	0.552694274657
62	0.467880799754
63	0.663346906612
64	0.628707190404
65	0.661790788093
66	0.650511025368
67	0.658280226478
68	0.700005228411
69	0.700583294264
70	0.6586736011
71	0.420491604832
72	0.649637233875
73	0.707658186762
74	0.70895615884
75	0.669280384944
76	0.699847719089
77	0.703400722543
78	0.759080522929
79	0.672283651039
80	0.728584535166
81	0.701816465609
82	0.766301483739
83	0.79722432142
84	0.769547725879
85	0.710154067781
86	0.746221090591
87	0.759826228073
88	0.77919322116
89	0.786771989003
90	0.770780827127
91	0.756251258641
92	0.85935479058
93	0.764843011858
94	0.910411510002
95	0.803245544483
96	0.788236526294
97	0.86278934475
98	0.90796052538
99	0.825234242414
100	0.841897598749
101	0.842103614951
102	0.865781834296
103	0.798058291166
104	0.879223850041
105	0.842025811041
106	0.846878619915
107	0.83092664855
108	0.914362124118
109	0.87884000775
110	0.933422876939
111	0.920039275104
112	0.803699140493
113	0.913239958653
114	0.949501922603
115	0.859120878271
116	0.90801560824
117	0.877759521647
118	0.922468764893
119	0.869740099063
120	0.969638900682
121	0.963065955848
122	0.94788640812
123	0.974440476886
124	0.977180558563
125	0.953342005296
126	0.99206419643
127	0.982418419353
128	1.01697104852
129	0.976119353825
130	1.01453774818
131	0.941467654143
132	0.962117196992
133	0.978793979682
134	0.93596255784
135	1.03655973205
136	1.05419262588
137	0.832437810151
138	0.899947621526
139	1.00372867578
140	1.05407337668
141	1.02619089499
142	0.979088471252
143	1.01777066587
144	0.884995861191
145	0.988971212176
146	0.912429602182
147	0.973099092984
148	0.978656258996
149	1.01697394536
150	1.04563048807
151	0.977639004192
152	0.934950509148
153	1.02472789621
154	1.02209187021
155	1.03832978538
156	1.00205534078
157	0.994420933747
158	1.01226559394
159	0.99136855922
160	0.968194509049
161	0.917172064267
162	1.01094145098
163	1.04154493747
164	1.03043001683
165	0.941607836883
166	0.973329901102
167	0.980046735695
168	0.903286165983
169	0.981282988572
170	0.929510448995
171	0.868014080892
172	1.03927770097
173	1.04398360007
174	0.994566821429
175	0.958203858331
176	0.919521177835
177	0.864944445314
178	1.0566684298
179	1.01665111253
180	1.1123685219
181	0.993196064279
182	1.02431417567
183	1.05320328292
184	1.09805105004
185	0.84324760599
186	0.929758625103
187	1.05693545614
188	1.09807940592
189	1.00983979086
190	0.85781164076
191	0.97396461617
192	0.954593058243
193	0.876079409391
194	0.95000629005
195	0.97412349697
196	0.920490062235
197	0.922296749546
198	0.901967759441
199	0.908401629105
200	0.841201346273
201	0.878133148795
202	0.915894998222
203	0.894939352987
204	0.903959827312
205	0.931750999884
206	0.890778521151
207	0.830499752585
208	0.952455971001
209	0.825052822232
210	0.893261118011
211	0.873293354155
212	0.932931287466
213	0.880129760113
214	0.877338609001
215	0.772836575733
216	0.926094610689
217	0.891681668055
218	0.822028617253
219	0.74213123934
220	0.814233316384
221	0.875250632334
222	0.782323472599
223	0.841378973639
224	0.81519216415
225	0.732343082281
226	0.756447129163
227	0.679999689651
228	0.697258607579
229	0.754957646115
230	0.733651073969
231	0.792306508636
232	0.7187982894
233	0.638501284776
234	0.685666241047
235	0.622664836444
236	0.674227028265
237	0.693870421909
238	0.678288731953
239	0.727046661026
240	0.705079487036
241	0.6477864275
242	0.61825245121
243	0.693300369369
244	0.581271433172
245	0.547055870095
246	0.571578071406
247	0.651468948975
248	0.555954445847
249	0.578333058553
250	0.711092010559
251	0.490807387875
252	0.675383009927
253	0.641460166733
254	0.591737479257
255	0.482944925817
256	0.558131546166
257	0.520994573419
258	0.524149772971
259	0.482342339303
260	0.487268030117
261	0.496562726625
262	0.30602165985
263	0.533098062249
264	0.565166979961
265	0.510225587381
266	0.618902761059
267	0.399303733202
268	0.489515730501
269	0.480975113988
270	0.375442099717
271	0.440619789013
272	0.417056892335
273	0.41223387607
274	0.317903624241
275	0.307954961464
276	0.399492249498
277	0.452442227076
278	0.291631442899
279	0.278218812952
280	0.373444305131
281	0.418266737344
282	0.276412641228
283	0.295648203873
284	0.344443250038
285	0.291816619789
286	0.30885847468
287	0.293890542056
288	0.289590463003
289	0.259629624443
290	0.238345501112
291	0.263563438408
292	0.249363328295
293	0.223269778802
294	0.213512436637
295	0.234111142287
296	0.204456123724
297	0.161176888582
298	0.0591246999417
299	0.237775631102
300	0.148638536182
301	0.122118847945
302	0.200878045581
303	0.128254858026
304	0.197863963573
305	0.0828370164462
306	0.115756384169
307	0.0989691629134
308	-0.0116560967647
309	0.0116920563442
310	-0.0195157850576
311	-0.00998011062573
312	0.0407554493954
313	-0.057778658495
314	-0.0184451297326
315	0.0314907115944
316	-0.0871970952554
317	-0.0388757394758
318	0.0145376887663
319	-0.121112671251
320	-0.0863316207662
321	-0.0816355582498
322	0.00182808621456
323	-0.0401425517388
324	-0.0721671068794
325	-0.0449399378335
326	-0.141576400138
327	-0.130148309723
328	-0.122222459039
329	-0.185081982247
330	-0.103286023098
331	-0.0951619673203
332	-0.311567938244
333	-0.233008461609
334	-0.13098386853
335	-0.173840206185
336	-0.283171671795
337	-0.218335468108
338	-0.322591996581
339	-0.204619890844
340	-0.300518224752
341	-0.300269082407
342	-0.290496631946
343	-0.279362718393
344	-0.346868904525
345	-0.352885324108
346	-0.292254635081
347	-0.346346276376
348	-0.373979829648
349	-0.381980746613
350	-0.364907414754
351	-0.343256254688
352	-0.319313967785
353	-0.354928885441
354	-0.403460870774
355	-0.459075827329
356	-0.393131383805
357	-0.323548599705
358	-0.408536458202
359	-0.489090641816
360	-0.430995788634
361	-0.456397243956
362	-0.50428151897
363	-0.524296283069
364	-0.443101086831
365	-0.533521527502
366	-0.561266531595
367	-0.508823921671
368	-0.471474563578
369	-0.431677366742
370	-0.489016111597
371	-0.535834276147
372	-0.524969139103
373	-0.581524405536
374	-0.577317143686
375	-0.516582240725
376	-0.64913956958
377	-0.550096240925
378	-0.520326919577
379	-0.564176792628
380	-0.539262604586
381	-0.705122603836
382	-0.623186227288
383	-0.548448076325
384	-0.541135586318
385	-0.71450269747
386	-0.676179109067
387	-0.742243678562
388	-0.628768089046
389	-0.670040521599
390	-0.629809580334
391	-0.669439361724
392	-0.761452745505
393	-0.666178711104
394	-0.850539483581
395	-0.73772646058
396	-0.743363738961
397	-0.768643720951
398	-0.769294677131
399	-0.650783943835
400	-0.714054789447
401	-0.886039939202
402	-0.72230085656
403	-0.793823227238
404	-0.800260964119
405	-0.769463999143
406	-0.796656538124
407	-0.75001378809
408	-0.844724986874
409	-0.784322529134
410	-0.84627166062
411	-0.858038862642
412	-0.905818145391
413	-0.820846276114
414	-0.796398544207
415	-0.839759973628
416	-0.812932722011
417	-0.880562556857
418	-0.894932512831
419	-0.885727090131
420	-0.868572934462
421	-0.755271891222
422	-0.91466794173
423	-0.930915499428
424	-0.982443287277
425	-0.886992827841
426	-0.840974357234
427	-0.98965293484
428	-0.833618624731
429	-0.833148438006
430	-0.999117030056
431	-0.933257992349
432	-0.921808666569
433	-0.980911558487
434	-0.88632852049
435	-0.921441569585
436	-0.97154674122
437	-0.887347885675
438	-0.933260004726
439	-0.944466620301
440	-1.00496449259
441	-1.01639720415
442	-0.882516299913
443	-1.01655534378
444	-0.903451590071
445	-1.03192331516
446	-0.963827005075
447	-1.03221331384
448	-0.922966579835
449	-0.982708347611
450	-0.987779084905
451	-1.01828893177
452	-0.967218795311
453	-0.975098072177
454	-0.959481507924
455	-0.999799139305
456	-1.06120204278
457	-1.05072652094
458	-1.04661870773
459	-1.05479441341
460	-1.02910337411
461	-1.07934730113
462	-1.01682778406
463	-1.01357963387
464	-1.0121178808
465	-1.02842421655
466	-0.97551355925
467	-1.0642141372
468	-0.950586939862
469	-0.998844853334
470	-0.995520621006
471	-1.08374848173
472	-0.993920718035
473	-1.01531669713
474	-0.963842820727
475	-1.00985025597
476	-1.09072966115
477	-0.949750787522
478	-0.932721923437
479	-1.02092643868
480	-0.929712328902
481	-0.955299440478
482	-0.970536689155
483	-1.0570359128
484	-1.03923007797
485	-0.936150934833
486	-0.998696567714
487	-0.928496622327
488	-1.00832658964
489	-1.00451903512
490	-1.02863684171
491	-1.00899968176
492	-0.972314518785
493	-0.968867919526
494	-0.965726489315
495	-0.987040821029
496	-1.00648907094
497	-0.967498681631
498	-1.02283816975
499	-0.974896903278
500	-1.00930894224
501	-0.957996616385
502	-0.948871773252
503	-0.945091135381
504	-0.909624518607
505	-0.966971800976
506	-0.913969433729
507	-0.848400468334
508	-1.0403109045
509	-0.895538269236
510	-0.939505397168
511	-0.914214553524
512	-0.99324749703
513	-0.931722549961
514	-0.906931876691
515	-0.856432934307
516	-0.919040557246
517	-0.835036457261
518	-0.980373757532
519	-0.875991630054
520	-0.862335268767
521	-0.814214107374
522	-0.882566053337
523	-0.868168655251
524	-0.83649098884
525	-0.751201290013
526	-0.867994054126
527	-0.83277275203
528	-0.871681487172
529	-0.864136844368
530	-0.837421150462
531	-0.766918160918
532	-0.786925936625
533	-0.768858682875
534	-0.786247384391
535	-0.802870081707
536	-0.818847985977
537	-0.782773461276
538	-0.777620584807
539	-0.752534104939
540	-0.797878701036
541	-0.794968899273
542	-0.783938869674
543	-0.762345667967
544	-0.860160354531
545	-0.772907128672
546	-0.769008788434
547	-0.724704567865
548	-0.745202184666
549	-0.717038897315
550	-0.744206827821
551	-0.729831123713
552	-0.638465987696
553	-0.579340449196
554	-0.670466901796
555	-0.639935103144
556	-0.65401836836
557	-0.69225389261
558	-0.621131864372
559	-0.620672991626
560	-0.648931324655
561	-0.694231879116
562	-0.607958603827
563	-0.631158461508
564	-0.581897408787
565	-0.584544708607
566	-0.556450288956
567	-0.578953644584
568	-0.567183271578
569	-0.618829124024
570	-0.637286293391
571	-0.524646107549
572	-0.515787878737
573	-0.518557770726
574	-0.436354919204
575	-0.572561190132
576	-0.503445127478
577	-0.449525141324
578	-0.512163170714
579	-0.489229443384
580	-0.477755862095
581	-0.432913071608
582	-0.451348459081
583	-0.465735858342
584	-0.398099175835
585	-0.433427750186
586	-0.318322591641
587	-0.395340339222
588	-0.345243865142
589	-0.390661171277
590	-0.380880284396
591	-0.436434614239
592	-0.402331419907
593	-0.344850020346
594	-0.31892730794
595	-0.364763801616
596	-0.282732222641
597	-0.305897297906
598	-0.245872158361
599	-0.273838503867
600	-0.278207564465
601	-0.237039272184
602	-0.279133132249
603	-0.285524148689
604	-0.147107622761
605	-0.247300352164
606	-0.136941010544
607	-0.174624761492
608	-0.056353284604
609	-0.176236137818
610	-0.105146483463
611	-0.181037620523
612	-0.108824869657
613	-0.21306830545
614	-0.152067720479
615	-0.0583232130889
616	-0.120752107574
617	-0.098937776538
618	-0.0646782431561
619	-0.146210059723
620	-0.0422896703092
621	0.0326557667934
622	-0.041368181059
623	-0.0845196339625
624	-0.0303842776208
625	-0.205175104963
626	-0.0649134765361
627	-0.0594491388832
628	-0.00823855737681
629	-0.0510558597999
630	0.0738504587521
631	0.0197073819025
632	-0.0384161025001
633	0.0633472052741
634	0.00205140157334
635	0.115064095936
636	0.0523608462168
637	0.0666557140534
638	0.0656968977065
639	0.0928604886302
640	0.114491089232
641	0.0714914071799
642	0.107861918628
643	0.0967416286145
644	0.125154553906
645	0.159093962889
646	0.184392042569
647	0.145148764425
648	0.223227006337
649	0.268492966852
650	0.0977017470611
651	0.161008255998
652	0.289086180403
653	0.235035008358
654	0.295160940715
655	0.216071788415
656	0.337082992075
657	0.287209419822
658	0.250593838955
659	0.256145182772
660	0.34540176504
661	0.320450675805
662	0.326760251403
663	0.271722839734
664	0.327837674595
665	0.326590437367
666	0.323649700765
667	0.349422635651
668	0.303285824425
669	0.424691517863
670	0.375609532152
671	0.410189322417
672	0.445581031485
673	0.400130906418
674	0.492876660296
675	0.420038717017
676	0.485673960851
677	0.424463456776
678	0.454226109703
679	0.415884073899
680	0.531096318533
681	0.518426641089
682	0.654982705033
683	0.477482679544
684	0.59148117208
685	0.545831454567
686	0.583180593795
687	0.577761646773
688	0.541666345707
689	0.520724767676
690	0.609842794183
691	0.543245539863
692	0.561190070575
693	0.651435975831
694	0.620517241448
695	0.56382057738
696	0.641204212241
697	0.680136620178
698	0.551170548393
699	0.720240668335
700	0.57974843018
701	0.670226892866
702	0.695970667335
703	0.754804286695
704	0.596625171165
705	0.684169330845
706	0.669513749507
707	0.604715919485
708	0.825644254904
709	0.699278427342
710	0.734004181468
711	0.719684871301
712	0.671508463918
713	0.768771125462
714	0.767628657708
715	0.799212374465
716	0.749122553382
717	0.798289307076
718	0.734491201686
719	0.833899496487
720	0.716872189613
721	0.867198155601
722	0.803046768938
723	0.832998494987
724	0.716362835042
725	0.908614809242
726	0.803983845193
727	0.849276719083
728	0.942586093209
729	0.91766674737
730	0.839887383484
731	0.831489925591
732	0.843327211866
733	0.909372580734
734	0.844078191882
735	0.882185331524
736	0.771181938478
737	0.877835580329
738	0.91863081534
739	0.881205069042
740	0.931657333893
741	0.879812173685
742	0.906680257144
743	0.88306236774
744	0.82335222
745	0.849419721969
746	0.881369559872
747	0.926472376762
748	0.995858040132
749	0.908505685316
750	0.932246570469
751	1.02416380575
752	0.989081764547
753	0.943067008167
754	0.980042315132
755	0.984106708322
756	0.963337363943
757	0.9034880269
758	0.995194207769
759	0.910048344888
760	0.941690086767
761	1.06274363591
762	0.958875807958
763	1.03796681571
764	0.955837224303
765	0.931701988876
766	1.03104621748
767	1.01683616903
768	0.947252069182
769	0.939184640854
770	1.02265322989
771	1.03084820735
772	1.01959271664
773	0.885157295303
774	1.02128432117
775	0.978869716816
776	1.06535428213
777	1.00733160876
778	0.979188820941
779	1.00217586559
780	0.94811676701
781	1.04118469613
782	1.00389216959
783	0.99728954121
784	0.901780949652
785	0.963646828172
786	1.04016476729
787	1.01828258541
788	1.05471615529
789	0.925608338663
790	1.04782648676
791	0.900438600527
792	1.02035313535
793	1.00849651778
794	0.996524605892
795	1.03159454918
796	1.0359783692
797	0.967645446709
798	1.07120363424
799	0.976045078457
800	1.00769642289
801	0.971850695689
802	0.994771482793
803	1.06230162329
804	0.944176898899
805	0.970604146128
806	0.953971385906
807	1.02391767136
808	0.92887604598
809	0.962142671286
810	0.960052755456
811	0.997197515794
812	0.934750365146
813	0.968748446445
814	0.936852580495
815	0.991424735006
816	0.941258306228
817	0.951632593027
818	0.909305292108
819	0.946963494299
820	0.857738157766
821	0.927036928974
822	0.900935512209
823	0.884232458844
824	0.984953086053
825	1.06182976796
826	0.92113217023
827	0.959952457528
828	0.905555428976
829	0.936593031361
830	0.863627744149
831	0.765996178647
832	0.909031195063
833	1.00890308241
834	0.791442769857
835	0.927745891888
836	0.970594099944
837	0.842332423432
838	0.850397739525
839	0.832524373831
840	0.91795451263
841	0.88262907228
842	0.808769964189
843	0.848234742877
844	0.810736595277
845	0.804646349561
846	0.824193435229
847	0.820114490994
848	0.808775829388
849	0.828785816145
850	0.832704790345
851	0.782158180002
852	0.830315025709
853	0.805255978634
854	0.816484246981
855	0.767993202652
856	0.806231620781
857	0.798969219155
858	0.719161199863
859	0.772949228245
860	0.742154393634
861	0.660059965507
862	0.664170668204
863	0.793661382662
864	0.760612470479
865	0.739946223215
866	0.668076228384
867	0.680451133578
868	0.753567450544
869	0.726022433444
870	0.614916207509
871	0.6651340811
872	0.615841818958
873	0.66391536717
874	0.695586989929
875	0.600792075763
876	0.678079856751
877	0.639751686991
878	0.542355913992
879	0.525448792449
880	0.527756808818
881	0.66027241268
882	0.559928492194
883	0.518284552011
884	0.510312649655
885	0.490332540883
886	0.524835171141
887	0.480210835555
888	0.514615445393
889	0.489059180578
890	0.48481891535
891	0.547464840811
892	0.436634147852
893	0.437313495359
894	0.491666306589
895	0.423155599391
896	0.482114495044
897	0.469254583593
898	0.451577880185
899	0.427918674003
900	0.330238546375
901	0.4382907274
902	0.39994757591
903	0.377181232723
904	0.302674895516
905	0.299306579245
906	0.351648258322
907	0.370757157451
908	0.334513109974
909	0.293168428168
910	0.282554455065
911	0.324343954101
912	0.297371861312
913	0.36261847329
914	0.20685266831
915	0.211785744039
916	0.21367437076
917	0.215695431837
918	0.258115217053
919	0.313959970774
920	0.235662069109
921	0.255088722381
922	0.12358901007
923	0.200557310327
924	0.182607105287
925	0.193596859557
926	0.0830736022429
927	0.163789134378
928	0.117827180936
929	0.156393599751
930	0.0434701671015
931	0.128749904843
932	0.0817700820844
933	0.125244643821
934	0.0825745541659
935	0.174082277075
936	0.11224147832
937	0.129353228739
938	0.036438564986
939	-0.00677456458603
940	0.0112375688205
941	-0.00380488046446
942	0.0390919544468
943	-0.0244072297648
944	-0.0274837850838
945	0.0337632814013
946	-0.0131918427368
947	-0.137406056985
948	-0.122518464956
949	-0.00361779408982
950	-0.0840558792999
951	-0.0967492384193
952	-0.07349172218
953	-0.162009810104
954	-0.0406782262364
955	-0.131257218978
956	-0.106041258963
957	-0.116367099401
958	-0.209343202349
959	-0.20743503025
960	-0.233930543438
961	-0.0967993806548
962	-0.185691619614
963	-0.104642108676
964	-0.258686221035
965	-0.260873024275
966	-0.19371340122
967	-0.249660982339
968	-0.259581735515
969	-0.317554854713
970	-0.344689765575
971	-0.219847767297
972	-0.258798515269
973	-0.301281453684
974	-0.343098711951
975	-0.304397535152
976	-0.377252405506
977	-0.358497599951
978	-0.350785619479
979	-0.39132415037
980	-0.423017804678
981	-0.370650860209
982	-0.411149093932
983	-0.365162713644
984	-0.448224340883
985	-0.435831876807
986	-0.422454783928
987	-0.502686983531
988	-0.418229866211
989	-0.519383637191
990	-0.452903136011
991	-0.453003348041
992	-0.428534119403
993	-0.476024341487
994	-0.533706049553
995	-0.53311855519
996	-0.454555601258
997	-0.521899294767
998	-0.516239649156
999	-0.515369539703
