0	-0.0613940329473
1	-0.0387727602063
2	-0.0256708440629
3	0.0110114893516
4	0.0116857560561
5	0.0322405011331
6	0.043041814219
7	0.0535718665735
8	0.0466418654298
9	0.0596961382942
10	0.072185531175
11	0.0825145811039
12	0.0795239322456
13	0.0627020581893
14	0.101611685904
15	0.122451619573
16	0.130789031474
17	0.163558345257
18	0.201568535783
19	0.195471906708
20	0.19782483195
21	0.206285407366
22	0.210017788295
23	0.204940075315
24	0.229826320523
25	0.245343195565
26	0.263664697069
27	0.258709796186
28	0.263174686768
29	0.25332411624
30	0.246870292702
31	0.262995173793
32	0.280554587059
33	0.294288703651
34	0.307279030654
35	0.315542648605
36	0.302881553433
37	0.31719112195
38	0.328061144184
39	0.342539052072
40	0.366971676035
41	0.387043876286
42	0.409735021586
43	0.421279187135
44	0.428431773453
45	0.422995499215
46	0.432781450684
47	0.417970807553
48	0.446732921233
49	0.457362219047
50	0.484918305156
51	0.49640226388
52	0.504689233519
53	0.491591179017
54	0.496905322757
55	0.49884207346
56	0.481377706676
57	0.49383295139
58	0.504436779383
59	0.505635475178
60	0.520118552243
61	0.554364019433
62	0.578941782322
63	0.591083447873
64	0.595124329146
65	0.602645725415
66	0.595424075763
67	0.605065434617
68	0.604123273832
69	0.617491972577
70	0.622404081981
71	0.625383228348
72	0.607847018006
73	0.612701636311
74	0.617589671158
75	0.623259057577
76	0.627573705785
77	0.642179341647
78	0.663684498438
79	0.677556123905
80	0.694548721812
81	0.702510793781
82	0.718590304333
83	0.723312346024
84	0.739839356548
85	0.708668365454
86	0.745633279786
87	0.752981769627
88	0.759667567962
89	0.758759336966
90	0.798639693942
91	0.795220595458
92	0.805469001954
93	0.815494311207
94	0.805512970038
95	0.808335410672
96	0.784540101153
97	0.796025424015
98	0.805326992761
99	0.831546639205
100	0.849676248424
101	0.873028953401
102	0.853470303627
103	0.848602125056
104	0.841269817083
105	0.827524028861
106	0.836111006614
107	0.875547935117
108	0.89387022468
109	0.924262436786
110	0.925434779206
111	0.931567907714
112	0.917028773933
113	0.899980751086
114	0.88883063672
115	0.89454942202
116	0.893207061666
117	0.905872971754
118	0.925214440992
119	0.917990631874
120	0.916518296805
121	0.929105637415
122	0.932042155369
123	0.923573471535
124	0.932817351235
125	0.944161362416
126	0.965198620334
127	0.942779907757
128	0.934954458035
129	0.931815833624
130	0.93305926914
131	0.912462133745
132	0.912512230176
133	0.927588239021
134	0.933830109388
135	0.92390528493
136	0.945876083118
137	0.965416866514
138	0.972305818741
139	0.974435340845
140	0.9945329078
141	0.969992563301
142	0.975565669236
143	0.967262915863
144	0.975719123934
145	0.967455868252
146	0.980544356585
147	0.99365028911
148	1.00731247755
149	1.00639646701
150	1.01263427496
151	1.00624386178
152	0.999854121469
153	1.01600861584
154	1.00694726944
155	1.00163795885
156	0.994359654518
157	0.996911612474
158	0.960503634445
159	0.950484278176
160	0.953732609684
161	0.964262870629
162	0.946288958029
163	0.961449676818
164	0.980188960488
165	0.982951255789
166	0.990552192967
167	1.00360539568
168	1.00222281806
169	1.00355919816
170	1.01470083114
171	1.00204261311
172	0.996239607312
173	0.990937323845
174	1.00052283584
175	0.982932411214
176	0.980198451694
177	0.964849765634
178	0.963774782627
179	0.956158223757
180	0.950911075973
181	0.962786047027
182	0.969330820998
183	0.970957208908
184	0.963001780641
185	0.978679724915
186	0.973930703596
187	0.982153292492
188	0.996546225356
189	1.00381469143
190	1.0008747414
191	0.992693099781
192	0.973040627127
193	0.943610115811
194	0.920553581042
195	0.898800943954
196	0.894515510393
197	0.909176595344
198	0.919181716522
199	0.921653968701
200	0.920315642451
201	0.905993311403
202	0.901175497345
203	0.885771855018
204	0.894653941367
205	0.887526749748
206	0.889706382065
207	0.883896387027
208	0.901430438631
209	0.88684599637
210	0.90714685983
211	0.899004186825
212	0.878930598202
213	0.861743791986
214	0.860132876927
215	0.845870539021
216	0.86979770543
217	0.863897858319
218	0.859913787198
219	0.860019818261
220	0.844155403593
221	0.803161274715
222	0.805385743731
223	0.797371820441
224	0.771319744193
225	0.772579821727
226	0.773247882013
227	0.764999208702
228	0.76466278156
229	0.77220258342
230	0.778014766108
231	0.799264608437
232	0.78945996487
233	0.782361031669
234	0.773479848572
235	0.735922951046
236	0.710143752023
237	0.689616017674
238	0.679866190126
239	0.669535610493
240	0.657441873945
241	0.658971653058
242	0.672967074907
243	0.671725428516
244	0.659603839715
245	0.685611545976
246	0.667040299998
247	0.644386781139
248	0.627192738686
249	0.628278516594
250	0.584286378524
251	0.58586101275
252	0.585966033033
253	0.576251226454
254	0.560244276901
255	0.552829498478
256	0.534515796297
257	0.510468051247
258	0.503904634919
259	0.499115620774
260	0.502852778107
261	0.497028582927
262	0.498518340681
263	0.502633286972
264	0.483491678587
265	0.482969795653
266	0.464380988225
267	0.465776715579
268	0.440733942498
269	0.432161381094
270	0.417490625698
271	0.399943839087
272	0.387132010463
273	0.382403377503
274	0.381778486533
275	0.390812516209
276	0.394202778297
277	0.374255682794
278	0.353482980525
279	0.353776268413
280	0.340854642564
281	0.325247245326
282	0.309203597375
283	0.296976095843
284	0.266844548598
285	0.247540500992
286	0.227990602125
287	0.243787643262
288	0.237591020517
289	0.243841337118
290	0.228906602991
291	0.238405130338
292	0.222250464738
293	0.210501758128
294	0.214700860335
295	0.217307581698
296	0.215341216105
297	0.217082497004
298	0.224584278536
299	0.198255177838
300	0.189398549525
301	0.190827969687
302	0.170570958376
303	0.156140088729
304	0.160871091694
305	0.138328441063
306	0.111341629738
307	0.114615743839
308	0.0840074449219
309	0.0581152254607
310	0.0370156751514
311	0.0176397641512
312	0.00783183411108
313	0.0264334235421
314	0.0116517167519
315	0.0227259680501
316	0.0284919923568
317	-5.05451396745e-05
318	-0.0258570290925
319	-0.0233413347835
320	-0.0392698959699
321	-0.0615735993072
322	-0.0542030983122
323	-0.0536845231622
324	-0.0683482172958
325	-0.0745047637048
326	-0.0877191025972
327	-0.12988949523
328	-0.135253920877
329	-0.147145060893
330	-0.163393819734
331	-0.166650589005
332	-0.152406396178
333	-0.174484087455
334	-0.190781726998
335	-0.204933816717
336	-0.197245865908
337	-0.220959741919
338	-0.214012463937
339	-0.231301542443
340	-0.234499317788
341	-0.23417608356
342	-0.222977512546
343	-0.252098347716
344	-0.227080056397
345	-0.236899086466
346	-0.277193160458
347	-0.300956173544
348	-0.323776531743
349	-0.349381122036
350	-0.35912763525
351	-0.379358275124
352	-0.372734959774
353	-0.370575792875
354	-0.393432590965
355	-0.406694001417
356	-0.402128494958
357	-0.425504352457
358	-0.433986858464
359	-0.447798833337
360	-0.444240959243
361	-0.455844148796
362	-0.455219620132
363	-0.447760890502
364	-0.425338386966
365	-0.438965104248
366	-0.445234962997
367	-0.440908154112
368	-0.458849754098
369	-0.473046018752
370	-0.475326889294
371	-0.476655645225
372	-0.511774269994
373	-0.52641067778
374	-0.542481065426
375	-0.57531283192
376	-0.58582648495
377	-0.593571498078
378	-0.609429210762
379	-0.63372836697
380	-0.637933153624
381	-0.647589835942
382	-0.645446050359
383	-0.66322256619
384	-0.660861099221
385	-0.654306632606
386	-0.672381501301
387	-0.691891094101
388	-0.671243160756
389	-0.669793915251
390	-0.669478450245
391	-0.651266541403
392	-0.641501490855
393	-0.650167016701
394	-0.681299162755
395	-0.703078591815
396	-0.737275099664
397	-0.758608286261
398	-0.782232180605
399	-0.775151246349
400	-0.77266337656
401	-0.758682558747
402	-0.74904422558
403	-0.739022184282
404	-0.733429040833
405	-0.748637733832
406	-0.76403617029
407	-0.790701012948
408	-0.793148869009
409	-0.804591408428
410	-0.791362647129
411	-0.796176590638
412	-0.807820087695
413	-0.828108414604
414	-0.825038643841
415	-0.857857649642
416	-0.863243077334
417	-0.8428415064
418	-0.837954821045
419	-0.847133605827
420	-0.831261116314
421	-0.847872244031
422	-0.865335048764
423	-0.879561079644
424	-0.877618788998
425	-0.888665624324
426	-0.878095990755
427	-0.885796148108
428	-0.882085179372
429	-0.904716042137
430	-0.895935142242
431	-0.907705972765
432	-0.905110780812
433	-0.920867575762
434	-0.921877368271
435	-0.939342549693
436	-0.945735151946
437	-0.939264384319
438	-0.934072895722
439	-0.921983942417
440	-0.921075829586
441	-0.917303235687
442	-0.926178624084
443	-0.943286047725
444	-0.964455392651
445	-0.981905334552
446	-0.990794914272
447	-1.01296989162
448	-0.985013695933
449	-0.975632577803
450	-0.983374611402
451	-0.972492847742
452	-0.967943629728
453	-0.993877504982
454	-0.978669322206
455	-0.967817314238
456	-0.974309752821
457	-0.953086889016
458	-0.95311713061
459	-0.970191002062
460	-0.980298769009
461	-0.994592801411
462	-1.02473325211
463	-1.01244117185
464	-1.01291234464
465	-1.00729418987
466	-0.998961026489
467	-0.998949837281
468	-1.01297362184
469	-1.01819481768
470	-1.00595644685
471	-0.991797629035
472	-0.977465968537
473	-0.98254220685
474	-0.991229644487
475	-0.980208576401
476	-0.99468669785
477	-1.00573539838
478	-0.994481905875
479	-0.998254573114
480	-1.01906420661
481	-1.01630613462
482	-1.01184353439
483	-1.01806176139
484	-1.00630405989
485	-1.01297484396
486	-1.03530373501
487	-1.02781408607
488	-1.02381081938
489	-1.01856923474
490	-1.00180424096
491	-0.974449057572
492	-0.970666829749
493	-0.960691718569
494	-0.9531833088
495	-0.96015178944
496	-0.955798133451
497	-0.949962891549
498	-0.955036910749
499	-0.947718737117
500	-0.925534952602
501	-0.928626903387
502	-0.937992588302
503	-0.922299977873
504	-0.934689380022
505	-0.95889818101
506	-0.965924114831
507	-0.965674863599
508	-0.974846045379
509	-0.967694826889
510	-0.965445465222
511	-0.933932305803
512	-0.915583666625
513	-0.913938937357
514	-0.923504244746
515	-0.919067541918
516	-0.926393185584
517	-0.933180887286
518	-0.919054605834
519	-0.88720140199
520	-0.869368014545
521	-0.867644697523
522	-0.860166246845
523	-0.853896850979
524	-0.867136138287
525	-0.876077670366
526	-0.859571782092
527	-0.842761528955
528	-0.839486881848
529	-0.811564358397
530	-0.796421405134
531	-0.829175104127
532	-0.826182340785
533	-0.830888992815
534	-0.850275042425
535	-0.862493736175
536	-0.814599703791
537	-0.818332469583
538	-0.803369575772
539	-0.783249428522
540	-0.768028212448
541	-0.772788867259
542	-0.756885042079
543	-0.754042835862
544	-0.779351343549
545	-0.780486279425
546	-0.787358059402
547	-0.794446164411
548	-0.774818339266
549	-0.746179726722
550	-0.71761045315
551	-0.703751130213
552	-0.694714047238
553	-0.702804336105
554	-0.680714831185
555	-0.664505873538
556	-0.665171688738
557	-0.647019318275
558	-0.639823117487
559	-0.641072653227
560	-0.649279061364
561	-0.648320428436
562	-0.658743915436
563	-0.646269932667
564	-0.640819897758
565	-0.630609998697
566	-0.600331829177
567	-0.582595252471
568	-0.566360523922
569	-0.561974443756
570	-0.539027661901
571	-0.532375269369
572	-0.522497317273
573	-0.514360152198
574	-0.510729379614
575	-0.50426811741
576	-0.507430756151
577	-0.504566361659
578	-0.504876163802
579	-0.488206720672
580	-0.500590264853
581	-0.476980108745
582	-0.45365540188
583	-0.452524970162
584	-0.440147038416
585	-0.411400701971
586	-0.402635792602
587	-0.413500152565
588	-0.3868477801
589	-0.390853218534
590	-0.385101812774
591	-0.372719882297
592	-0.356306654539
593	-0.33564958646
594	-0.306369778837
595	-0.288555718456
596	-0.277010413178
597	-0.24819585859
598	-0.26213415318
599	-0.268833483065
600	-0.279623000948
601	-0.286492635057
602	-0.29078123429
603	-0.27003405772
604	-0.242627842537
605	-0.215682571119
606	-0.203706812809
607	-0.201678480139
608	-0.182028134934
609	-0.164854389927
610	-0.171119132206
611	-0.164787042593
612	-0.135716265635
613	-0.147824551971
614	-0.161467719685
615	-0.142903855156
616	-0.133161398168
617	-0.134677114015
618	-0.108913230034
619	-0.0955179259698
620	-0.0788025956422
621	-0.0453101103746
622	-0.0273990004793
623	-0.0370601554515
624	-0.0212873991809
625	-0.0304062875718
626	-0.0415626319683
627	-0.0507015379881
628	-0.0189504711875
629	-0.0155534874752
630	0.0116078449638
631	0.0265194158724
632	0.0559725481172
633	0.0553033192074
634	0.0829422023303
635	0.0830995365345
636	0.117575971241
637	0.0977953238708
638	0.115623921186
639	0.120490361114
640	0.125819370294
641	0.0967293445006
642	0.129781774955
643	0.126137836292
644	0.11932511708
645	0.135645622944
646	0.177578257517
647	0.181009469903
648	0.181434159048
649	0.202186816928
650	0.233376946911
651	0.238336434364
652	0.249135508831
653	0.291793336455
654	0.291006760047
655	0.274627517906
656	0.280354228337
657	0.30104198557
658	0.27281890704
659	0.292391185847
660	0.292737824622
661	0.294889786802
662	0.279446506629
663	0.3092529121
664	0.318759842303
665	0.336342759787
666	0.343123803623
667	0.3731410671
668	0.395995293098
669	0.405870139373
670	0.424367533959
671	0.428157564553
672	0.426735633197
673	0.425197747476
674	0.415878442895
675	0.439635682376
676	0.466650951185
677	0.487663480586
678	0.491675316608
679	0.5184756929
680	0.512060808246
681	0.518037750072
682	0.526236970836
683	0.522277745762
684	0.523989857278
685	0.511709436651
686	0.517517629714
687	0.505244849114
688	0.527856349901
689	0.558327441671
690	0.568553596552
691	0.579609529021
692	0.602193405829
693	0.607632383141
694	0.594152344904
695	0.625065646173
696	0.625667130298
697	0.653005642241
698	0.676480585375
699	0.677797848001
700	0.67514455448
701	0.677473682668
702	0.674291603284
703	0.668895789306
704	0.686206332977
705	0.684053545789
706	0.701681560437
707	0.707542286098
708	0.703769946349
709	0.702264791217
710	0.737515808188
711	0.739938435447
712	0.74358004143
713	0.764527007738
714	0.774549469682
715	0.774722809092
716	0.777987812132
717	0.783278125262
718	0.772439128561
719	0.775133341064
720	0.784284167271
721	0.782151611767
722	0.779965085986
723	0.801238111356
724	0.782639540835
725	0.758552887187
726	0.777192858639
727	0.771813429958
728	0.764674754164
729	0.797121332578
730	0.830817116662
731	0.826627191127
732	0.851045947723
733	0.880770087659
734	0.871704821477
735	0.856122693059
736	0.874593063978
737	0.872742566282
738	0.868356817407
739	0.885194740595
740	0.893320226277
741	0.868190563546
742	0.891342743211
743	0.862495408232
744	0.857364151658
745	0.859227429662
746	0.887978836796
747	0.882412707568
748	0.903257826245
749	0.902990535442
750	0.921269242236
751	0.93199237828
752	0.92707691125
753	0.948749782467
754	0.968565292939
755	0.987639749536
756	0.97084269847
757	0.981623649432
758	0.991427958054
759	0.982468477292
760	0.964622873679
761	0.973510466738
762	0.988906359474
763	0.971913645648
764	0.997225205865
765	0.991509666523
766	0.977345848066
767	0.963802550685
768	0.953341074471
769	0.952234093862
770	0.950231485207
771	0.972939239688
772	0.960480223516
773	0.995051806784
774	0.998133879807
775	1.00696728849
776	1.01482885039
777	1.03449839044
778	1.04432089043
779	1.04629879376
780	1.03585159063
781	1.0279202504
782	1.0263526248
783	1.01897044916
784	0.991853840298
785	1.010557848
786	1.00618953063
787	1.00613090557
788	0.98943952635
789	0.989475658328
790	0.985260391431
791	0.98316316806
792	0.958363094992
793	0.950769366278
794	0.963497300216
795	0.967069377039
796	0.996424085706
797	1.01403566484
798	1.03329725775
799	1.03668842574
800	1.03795917392
801	1.01933565272
802	1.01419620204
803	0.993547230683
804	0.991418800364
805	0.984888179918
806	0.974338119324
807	0.986517906196
808	0.989024547779
809	0.989544085101
810	0.992547956157
811	0.985321977298
812	0.976791302543
813	0.969569281022
814	0.967546340121
815	0.967929148503
816	0.970019659847
817	0.979274269462
818	0.999098315009
819	0.960128390707
820	0.962892684597
821	0.964331757889
822	0.930506771211
823	0.89885239186
824	0.921862499486
825	0.9056805851
826	0.897200598438
827	0.907669667546
828	0.907020645708
829	0.913882191735
830	0.892686637912
831	0.875544213097
832	0.884408664368
833	0.884836206661
834	0.872725545233
835	0.866271955855
836	0.862066605606
837	0.856742759151
838	0.875481830911
839	0.854750995155
840	0.868874386433
841	0.864448555115
842	0.856516831365
843	0.83244585548
844	0.837415504323
845	0.824618913015
846	0.837013308913
847	0.839625279852
848	0.820757703826
849	0.816636673195
850	0.826456227854
851	0.820833360386
852	0.788044048954
853	0.801385685893
854	0.786194384317
855	0.757334744228
856	0.73758480403
857	0.731899460558
858	0.715333571661
859	0.710916734164
860	0.710124363122
861	0.698867865895
862	0.717342880208
863	0.723193819664
864	0.713135482918
865	0.706574161334
866	0.695494967154
867	0.657748516328
868	0.629805053573
869	0.649226613714
870	0.622658991744
871	0.621867400883
872	0.62670582731
873	0.621627730271
874	0.586573115881
875	0.606786366055
876	0.614111145422
877	0.611454889283
878	0.60965298123
879	0.613931668787
880	0.594414120357
881	0.564670650618
882	0.553800442364
883	0.548624740343
884	0.554726106828
885	0.555517404724
886	0.549305963414
887	0.55700540577
888	0.546161158465
889	0.517897868818
890	0.517801769936
891	0.532842885526
892	0.504588628829
893	0.505283092035
894	0.507914233754
895	0.485459351195
896	0.462801673073
897	0.45191504277
898	0.453023862566
899	0.436226480042
900	0.439375969849
901	0.419010385804
902	0.392412976788
903	0.368675266034
904	0.361822046744
905	0.343364461635
906	0.354116101839
907	0.371556984933
908	0.372411454018
909	0.359174248519
910	0.342404799455
911	0.328730545852
912	0.298237878163
913	0.271824870341
914	0.266924910054
915	0.259954093843
916	0.26861938543
917	0.270443902072
918	0.257472948267
919	0.247537424923
920	0.261189120155
921	0.234733842846
922	0.236302811474
923	0.238212334197
924	0.23496275433
925	0.206207116064
926	0.174987711901
927	0.154547694157
928	0.131766881154
929	0.101596621807
930	0.104177171885
931	0.110066703934
932	0.110224135082
933	0.122317695286
934	0.132927696405
935	0.093976016487
936	0.0767844662059
937	0.05470847586
938	0.0275406686187
939	0.00519599011173
940	0.00259295298538
941	0.00636828076868
942	-0.00445477133949
943	-0.0123234857425
944	-0.0344132213856
945	-0.0338045857874
946	-0.0449622704533
947	-0.0403744053595
948	-0.0330115746008
949	-0.0269449394374
950	-0.0433810634004
951	-0.0629572522825
952	-0.0727200377786
953	-0.0831230668344
954	-0.0922320414976
955	-0.101889991974
956	-0.112930996489
957	-0.128763391454
958	-0.143316974862
959	-0.144330669621
960	-0.154871310185
961	-0.159965612288
962	-0.160284750466
963	-0.168049541109
964	-0.197832145981
965	-0.181428637945
966	-0.16946944348
967	-0.179476051504
968	-0.212159648484
969	-0.212039611055
970	-0.246700920117
971	-0.27815129168
972	-0.294736688577
973	-0.288245142807
974	-0.307585322478
975	-0.307108738699
976	-0.308497874654
977	-0.319098302072
978	-0.321782694291
979	-0.321460371281
980	-0.34365289132
981	-0.347630954985
982	-0.351756577719
983	-0.374628263417
984	-0.373507976064
985	-0.389612947944
986	-0.41707199979
987	-0.435274421818
988	-0.452330812725
989	-0.477963012831
990	-0.455551450695
991	-0.470616973555
992	-0.444786512446
993	-0.4470398894
994	-0.451382189844
995	-0.468666618149
996	-0.450821514541
997	-0.49368300268
998	-0.492420478551
999	-0.484847721858
