0	-0.0507065460286
1	-0.0720815198659
2	-0.0507065460286
3	0.00646978527574
4	0.0136349043672
5	0.0136349043672
6	0.0306922055189
7	0.0306922055189
8	0.0604763507056
9	0.0662851661393
10	0.0662851661393
11	0.0931391699229
12	0.0931391699229
13	0.0931391699229
14	0.0513319218478
15	0.0513319218478
16	0.197338838268
17	0.197338838268
18	0.197338838268
19	0.215178490766
20	0.215178490766
21	0.20910346448
22	0.196111536931
23	0.20910346448
24	0.203643834735
25	0.233840395413
26	0.28668783969
27	0.28771904445
28	0.28668783969
29	0.225968287645
30	0.225968287645
31	0.254418722
32	0.257179518413
33	0.296862957331
34	0.296862957331
35	0.296862957331
36	0.295736811752
37	0.305037974046
38	0.305037974046
39	0.348988981778
40	0.368410799918
41	0.394520692868
42	0.405398975298
43	0.417899931566
44	0.406709809522
45	0.430283624459
46	0.406709809522
47	0.430283624459
48	0.407813310766
49	0.454328732643
50	0.48343011353
51	0.528498990925
52	0.511748526261
53	0.511748526261
54	0.485030105409
55	0.485030105409
56	0.510000832232
57	0.510000832232
58	0.511524382531
59	0.511524382531
60	0.515994311204
61	0.538049245374
62	0.59565402829
63	0.610598129767
64	0.598757573127
65	0.598757573127
66	0.598757573127
67	0.559545780027
68	0.648205111115
69	0.594046769201
70	0.603042211296
71	0.603042211296
72	0.603042211296
73	0.594938939535
74	0.594938939535
75	0.618319860729
76	0.627482385528
77	0.627482385528
78	0.667967118843
79	0.667967118843
80	0.696840512862
81	0.725845644686
82	0.696840512862
83	0.748364671603
84	0.748364671603
85	0.749455853142
86	0.749455853142
87	0.779475565484
88	0.785107120808
89	0.785107120808
90	0.782884844818
91	0.782884844818
92	0.803554191984
93	0.829622409177
94	0.833011391082
95	0.833011391082
96	0.833011391082
97	0.725027704657
98	0.843734612349
99	0.879519234811
100	0.879519234811
101	0.879519234811
102	0.85612593688
103	0.801341169273
104	0.801341169273
105	0.819464397014
106	0.855178341955
107	0.844276058034
108	0.865653717336
109	0.946789789771
110	0.971425457544
111	0.946789789771
112	0.874941700573
113	0.874941700573
114	0.874941700573
115	0.915674885717
116	0.900109355938
117	0.900109355938
118	0.900109355938
119	0.958257021726
120	0.958257021726
121	0.892747680592
122	0.892747680592
123	0.931166601855
124	0.931166601855
125	0.925775238621
126	0.925775238621
127	0.949467736497
128	0.949467736497
129	0.886390069664
130	0.886390069664
131	0.910082116566
132	0.933367214469
133	0.933367214469
134	0.933367214469
135	0.941291468399
136	0.941291468399
137	0.941291468399
138	0.9843444688
139	0.986611159308
140	0.9843444688
141	0.986611159308
142	0.951939078921
143	1.00654862656
144	0.945097392444
145	0.994220119272
146	0.965232348155
147	0.985961924576
148	0.985961924576
149	1.01340833464
150	1.01340833464
151	0.9964213879
152	0.989640066567
153	0.9964213879
154	1.04579095955
155	1.04579095955
156	0.969874834947
157	0.94433333454
158	0.969874834947
159	0.917618337041
160	0.91214091637
161	0.91214091637
162	0.970269641768
163	0.970269641768
164	0.970269641768
165	0.98793297155
166	0.987944510313
167	0.999927968985
168	1.00827432766
169	1.00827432766
170	0.994614872079
171	0.994614872079
172	0.994614872079
173	1.00493217092
174	0.954520204871
175	1.00493217092
176	0.967684010747
177	0.967684010747
178	0.931313439899
179	0.931313439899
180	0.94914528984
181	0.94914528984
182	0.99068829517
183	0.960912610469
184	0.960912610469
185	0.960912610469
186	0.964682496354
187	0.966943188573
188	1.00202555495
189	1.00202555495
190	1.00202555495
191	1.00513824307
192	1.00102482671
193	0.926034980467
194	0.903763191678
195	0.885742152865
196	0.885742152865
197	0.896375057633
198	0.904607812661
199	0.932114943021
200	0.932114943021
201	0.898103413758
202	0.889683426383
203	0.889683426383
204	0.855096731389
205	0.9425138455
206	0.855096731389
207	0.854047468289
208	0.854047468289
209	0.92392957095
210	0.92392957095
211	0.942766989409
212	0.869591634195
213	0.823561627835
214	0.823561627835
215	0.856832958331
216	0.861537058897
217	0.884240096061
218	0.884240096061
219	0.836912602725
220	0.836912602725
221	0.836912602725
222	0.80491802272
223	0.80491802272
224	0.796842986278
225	0.796842986278
226	0.796842986278
227	0.73180683297
228	0.763941370802
229	0.763941370802
230	0.769505842271
231	0.795160850567
232	0.827435654709
233	0.827435654709
234	0.759666184567
235	0.725099926783
236	0.725099926783
237	0.698539659597
238	0.652494836204
239	0.698539659597
240	0.673447028618
241	0.673447028618
242	0.673447028618
243	0.682256590458
244	0.704708814877
245	0.682256590458
246	0.704708814877
247	0.613332325269
248	0.613332325269
249	0.613332325269
250	0.618267974158
251	0.618267974158
252	0.618267974158
253	0.569514097584
254	0.570164569713
255	0.569514097584
256	0.538233226393
257	0.529636985489
258	0.465030102306
259	0.529636985489
260	0.514288155667
261	0.514288155667
262	0.50051600959
263	0.48371588897
264	0.50051600959
265	0.456724161102
266	0.481106474301
267	0.418580113744
268	0.463702797872
269	0.432708354124
270	0.432708354124
271	0.407752697325
272	0.375717306724
273	0.399643654753
274	0.399643654753
275	0.399643654753
276	0.409065189325
277	0.372592851874
278	0.336789349827
279	0.305201677982
280	0.305201677982
281	0.374059291313
282	0.374059291313
283	0.258752363639
284	0.244064170323
285	0.223401555089
286	0.244064170323
287	0.223401555089
288	0.291794478431
289	0.213081056597
290	0.254653138093
291	0.217120807798
292	0.217120807798
293	0.217120807798
294	0.208495506031
295	0.217901815172
296	0.230154414612
297	0.230154414612
298	0.226608219668
299	0.198663678065
300	0.19184643121
301	0.185871273045
302	0.185871273045
303	0.185871273045
304	0.125323163111
305	0.125323163111
306	0.119692082977
307	0.0731580198921
308	0.0731580198921
309	0.0708767222548
310	0.0381970631511
311	-0.0323397316545
312	-0.0260028327459
313	-0.0260028327459
314	0.0596585355489
315	0.0596585355489
316	0.0230315248366
317	0.00282728878796
318	0.00282728878796
319	-0.0500586040718
320	-0.0500586040718
321	-0.0566112810956
322	-0.0566112810956
323	-0.0566112810956
324	-0.0667810084652
325	-0.0667810084652
326	-0.0873940131408
327	-0.0964514699233
328	-0.17476292236
329	-0.17476292236
330	-0.155907170002
331	-0.155907170002
332	-0.168637807345
333	-0.168637807345
334	-0.191046768715
335	-0.203991593089
336	-0.237395367718
337	-0.237395367718
338	-0.239398255941
339	-0.169255203183
340	-0.271406478178
341	-0.255387132662
342	-0.255387132662
343	-0.215413623107
344	-0.215413623107
345	-0.215413623107
346	-0.304482283007
347	-0.304482283007
348	-0.334228688535
349	-0.352461213496
350	-0.334228688535
351	-0.353214849076
352	-0.353214849076
353	-0.353214849076
354	-0.418165335525
355	-0.418165335525
356	-0.419521901337
357	-0.430786880574
358	-0.419521901337
359	-0.430786880574
360	-0.46057786556
361	-0.46057786556
362	-0.488802828336
363	-0.414868755965
364	-0.423284217414
365	-0.414868755965
366	-0.423284217414
367	-0.469866117278
368	-0.469866117278
369	-0.512992217347
370	-0.468984925516
371	-0.481270469984
372	-0.481270469984
373	-0.526795901736
374	-0.568827835387
375	-0.568827835387
376	-0.586174256276
377	-0.579364166887
378	-0.607552901027
379	-0.607552901027
380	-0.665462819697
381	-0.666453235723
382	-0.666453235723
383	-0.627647578475
384	-0.627647578475
385	-0.659025309939
386	-0.659025309939
387	-0.659025309939
388	-0.69438193711
389	-0.69438193711
390	-0.651779082411
391	-0.651105732132
392	-0.632103577618
393	-0.632103577618
394	-0.645556684372
395	-0.694433361361
396	-0.741000722916
397	-0.79794491699
398	-0.752222617357
399	-0.79794491699
400	-0.772035141404
401	-0.772035141404
402	-0.728561373971
403	-0.728040827925
404	-0.728040827925
405	-0.744069424159
406	-0.762442626589
407	-0.804604838968
408	-0.805033010211
409	-0.805033010211
410	-0.801282121254
411	-0.774681906895
412	-0.801282121254
413	-0.829102727754
414	-0.876123541441
415	-0.876123541441
416	-0.876123541441
417	-0.856029866213
418	-0.856029866213
419	-0.851690114667
420	-0.831827191347
421	-0.831827191347
422	-0.831827191347
423	-0.880878819086
424	-0.922820269067
425	-0.880878819086
426	-0.878427790554
427	-0.878427790554
428	-0.886237336952
429	-0.904265425384
430	-0.919379605852
431	-0.904265425384
432	-0.935270051945
433	-0.906403646088
434	-0.945091489564
435	-0.94031901449
436	-0.94031901449
437	-0.94031901449
438	-0.921849198186
439	-0.957091957149
440	-0.879874247964
441	-0.917308634035
442	-0.917308634035
443	-0.918426749942
444	-0.95819153133
445	-0.985720972595
446	-1.00455834354
447	-1.00263942993
448	-1.00455834354
449	-1.00263942993
450	-0.938815381946
451	-0.938815381946
452	-0.948230611631
453	-1.0065555466
454	-1.0065555466
455	-1.0065555466
456	-0.989008471699
457	-0.980692804542
458	-0.980692804542
459	-0.980692804542
460	-0.948143825323
461	-1.03266868117
462	-1.03954730643
463	-1.05114348105
464	-1.05114348105
465	-0.971208279885
466	-0.971208279885
467	-1.01049714965
468	-1.01145653256
469	-1.0413272027
470	-1.0413272027
471	-0.976605668505
472	-0.950264678392
473	-0.950264678392
474	-0.979429232522
475	-1.02004285669
476	-1.02004285669
477	-1.01209366781
478	-1.01209366781
479	-1.01209366781
480	-1.03467273519
481	-1.01044093172
482	-0.999207505464
483	-0.999207505464
484	-1.01235973405
485	-1.01235973405
486	-1.03256142584
487	-1.03256142584
488	-1.03256142584
489	-1.02151573328
490	-0.97491148936
491	-0.953909762176
492	-0.953909762176
493	-0.956000350243
494	-0.971640177379
495	-0.956000350243
496	-0.971640177379
497	-0.951403566174
498	-0.951403566174
499	-0.951403566174
500	-0.926824140733
501	-0.87977684517
502	-0.87977684517
503	-0.966863320101
504	-0.966863320101
505	-0.941723855916
506	-0.941723855916
507	-0.993703942493
508	-0.993703942493
509	-0.972406309146
510	-0.964403130138
511	-0.964403130138
512	-0.905967763466
513	-0.880663113256
514	-0.880663113256
515	-0.953794300411
516	-0.956179483797
517	-0.953794300411
518	-0.914601621768
519	-0.885548076534
520	-0.885548076534
521	-0.871106682796
522	-0.871106682796
523	-0.872438825329
524	-0.872438825329
525	-0.860724717732
526	-0.860724717732
527	-0.860724717732
528	-0.793158102695
529	-0.793158102695
530	-0.793158102695
531	-0.837827861664
532	-0.840099576875
533	-0.840099576875
534	-0.861361121812
535	-0.818042348528
536	-0.861361121812
537	-0.818042348528
538	-0.796858114946
539	-0.786546652757
540	-0.786546652757
541	-0.786546652757
542	-0.73801099106
543	-0.73801099106
544	-0.73801099106
545	-0.772335621671
546	-0.830761644633
547	-0.830761644633
548	-0.772369890945
549	-0.752779514091
550	-0.700791087993
551	-0.687915276772
552	-0.700791087993
553	-0.703073276261
554	-0.707594099215
555	-0.707594099215
556	-0.606870488541
557	-0.606870488541
558	-0.616832246899
559	-0.678666936342
560	-0.616832246899
561	-0.647902529227
562	-0.647902529227
563	-0.668949681899
564	-0.668949681899
565	-0.616297022496
566	-0.596853033922
567	-0.56934106755
568	-0.580266798367
569	-0.55021834002
570	-0.547410666717
571	-0.535123379753
572	-0.51695637736
573	-0.51695637736
574	-0.51695637736
575	-0.529256803798
576	-0.494437554374
577	-0.529256803798
578	-0.516555065428
579	-0.516555065428
580	-0.495986565093
581	-0.495986565093
582	-0.445909588148
583	-0.414718790525
584	-0.414718790525
585	-0.399931531102
586	-0.384019929418
587	-0.37089424368
588	-0.37089424368
589	-0.37089424368
590	-0.404047121587
591	-0.357072544176
592	-0.339241823506
593	-0.339241823506
594	-0.308984591297
595	-0.257648083475
596	-0.253787203778
597	-0.251258064904
598	-0.250171521601
599	-0.251258064904
600	-0.2911447329
601	-0.304119111017
602	-0.2911447329
603	-0.285606235447
604	-0.24955741536
605	-0.219742793875
606	-0.169392753925
607	-0.169392753925
608	-0.225727443898
609	-0.225727443898
610	-0.121491067851
611	-0.121491067851
612	-0.194066995833
613	-0.194066995833
614	-0.182032499533
615	-0.136460770521
616	-0.136460770521
617	-0.136460770521
618	-0.107897142671
619	-0.101640446456
620	-0.0694842501998
621	-0.0532130796285
622	-0.0243204910331
623	-0.0120848969789
624	-0.0120848969789
625	-0.0120848969789
626	-0.0699149329878
627	-0.0336740065385
628	-0.0577794270779
629	-0.0336740065385
630	0.0263644497146
631	0.0572364795135
632	0.0408838480047
633	0.0658917292071
634	0.0538903349642
635	0.0894862341462
636	0.0666784002284
637	0.164558865329
638	0.0666784002284
639	0.143033321541
640	0.143033321541
641	0.143033321541
642	0.0933234461277
643	0.0933234461277
644	0.124813628227
645	0.154827468909
646	0.154827468909
647	0.174925975449
648	0.174925975449
649	0.173001211497
650	0.173001211497
651	0.258590758312
652	0.302276502696
653	0.302276502696
654	0.302276502696
655	0.254657876273
656	0.254657876273
657	0.254657876273
658	0.330435369996
659	0.330435369996
660	0.330435369996
661	0.250713608534
662	0.341669865755
663	0.253218969129
664	0.341669865755
665	0.348142846772
666	0.348142846772
667	0.375575084933
668	0.375575084933
669	0.403305286516
670	0.449428152705
671	0.449428152705
672	0.431115168881
673	0.396195629734
674	0.396195629734
675	0.402831629801
676	0.454724548157
677	0.529601581951
678	0.529601581951
679	0.501258276737
680	0.501258276737
681	0.517826943009
682	0.536833511261
683	0.542254380556
684	0.542254380556
685	0.542254380556
686	0.456424839875
687	0.545394068842
688	0.480890477552
689	0.568045106834
690	0.568045106834
691	0.568045106834
692	0.643806918744
693	0.593809861592
694	0.595239993395
695	0.595239993395
696	0.630349336512
697	0.64681433937
698	0.662122120623
699	0.712614709066
700	0.712614709066
701	0.648855653015
702	0.648855653015
703	0.658459980309
704	0.685635639176
705	0.714592024389
706	0.685635639176
707	0.723488367996
708	0.743895652697
709	0.743895652697
710	0.715962592336
711	0.715962592336
712	0.75871318984
713	0.762103682614
714	0.762103682614
715	0.766074902056
716	0.77150877197
717	0.775038205043
718	0.788555248263
719	0.775038205043
720	0.779545964571
721	0.779545964571
722	0.779545964571
723	0.777622619357
724	0.777622619357
725	0.777622619357
726	0.740534361776
727	0.740534361776
728	0.750725475949
729	0.787985536351
730	0.787985536351
731	0.848786004031
732	0.848786004031
733	0.872819258928
734	0.872819258928
735	0.872819258928
736	0.831102640111
737	0.831102640111
738	0.863566770448
739	0.914677491659
740	0.88764928906
741	0.88764928906
742	0.871730068524
743	0.871730068524
744	0.803329198038
745	0.861993006189
746	0.861993006189
747	0.881046458544
748	0.947086233708
749	0.947086233708
750	0.874666410147
751	0.874666410147
752	0.972439992517
753	0.972439992517
754	0.98303076623
755	0.959734104533
756	0.98303076623
757	0.959734104533
758	0.980824442293
759	0.980824442293
760	0.980824442293
761	0.978584257435
762	0.9611546239
763	0.978584257435
764	0.9611546239
765	1.0414945018
766	0.950006560729
767	0.950006560729
768	0.950006560729
769	0.894781359151
770	0.990087419064
771	0.939993517453
772	1.00387430402
773	0.939993517453
774	1.00387430402
775	1.05136996387
776	1.05136996387
777	1.04318211351
778	1.02614003845
779	1.04318211351
780	1.06125948055
781	1.06125948055
782	1.0035254124
783	1.0035254124
784	1.01830191044
785	1.01830191044
786	1.0254445837
787	0.981683825552
788	1.01800878513
789	0.996384001143
790	0.996384001143
791	0.996384001143
792	0.9711977087
793	0.9711977087
794	0.958415357571
795	0.958415357571
796	0.989496765806
797	1.02222863333
798	1.02222863333
799	1.0547233221
800	1.00645260578
801	1.02858237421
802	1.02485364603
803	1.02485364603
804	0.956369062087
805	0.956369062087
806	0.995810454189
807	0.995810454189
808	0.995929271974
809	0.972103343057
810	0.998408140802
811	0.998408140802
812	0.998408140802
813	0.974614622667
814	0.935973448761
815	0.974614622667
816	0.988293436298
817	0.988293436298
818	1.01286266916
819	1.02088767074
820	1.02088767074
821	1.02668413861
822	0.953621371944
823	0.953621371944
824	0.868749896607
825	0.868749896607
826	0.908494352914
827	0.911221438631
828	0.911221438631
829	0.904108082897
830	0.904108082897
831	0.865504787414
832	0.839796797568
833	0.839796797568
834	0.867642498881
835	0.88224877591
836	0.867642498881
837	0.807528850676
838	0.807528850676
839	0.921811106972
840	0.921811106972
841	0.878145807062
842	0.78235340673
843	0.878145807062
844	0.840982978258
845	0.840982978258
846	0.814162850523
847	0.814162850523
848	0.844325386218
849	0.844325386218
850	0.782837688193
851	0.782837688193
852	0.816211048881
853	0.816211048881
854	0.813353282817
855	0.731265785754
856	0.718962423378
857	0.717461347888
858	0.717461347888
859	0.717461347888
860	0.702839068394
861	0.715000568166
862	0.684796992829
863	0.715000568166
864	0.75977853561
865	0.75977853561
866	0.682193960246
867	0.634505309098
868	0.606481885827
869	0.606481885827
870	0.620061221832
871	0.620061221832
872	0.601824936554
873	0.601824936554
874	0.601824936554
875	0.594670736637
876	0.594670736637
877	0.638448833392
878	0.638448833392
879	0.617392737268
880	0.585661196371
881	0.577733475636
882	0.552834359117
883	0.552834359117
884	0.559782686266
885	0.563041695994
886	0.559782686266
887	0.556790848596
888	0.556790848596
889	0.505561449744
890	0.505561449744
891	0.505561449744
892	0.533879856097
893	0.533879856097
894	0.509033765773
895	0.480079568423
896	0.480079568423
897	0.444035941394
898	0.420591465486
899	0.420591465486
900	0.405834472776
901	0.45978339043
902	0.396092655802
903	0.318763545261
904	0.318763545261
905	0.361826559353
906	0.367495464885
907	0.367495464885
908	0.367495464885
909	0.372521746283
910	0.360051843162
911	0.29564053186
912	0.29564053186
913	0.283648219563
914	0.268096617293
915	0.268096617293
916	0.268096617293
917	0.271140730425
918	0.248794138509
919	0.216711087927
920	0.216711087927
921	0.221463113704
922	0.221463113704
923	0.224555931066
924	0.215200549658
925	0.212789461886
926	0.205215214367
927	0.173274423342
928	0.122355842342
929	0.0988853968743
930	0.0988853968743
931	0.0988853968743
932	0.0885511890911
933	0.123142998082
934	0.123142998082
935	0.123142998082
936	0.107413923226
937	0.00259343768541
938	0.00259343768541
939	0.0127630463526
940	0.0127630463526
941	-0.00430946930869
942	-0.00430946930869
943	-0.0215964114896
944	-0.0158294103276
945	-0.0413522141883
946	-0.0185532334988
947	-0.0343183467275
948	-0.0185532334988
949	-0.0184128887191
950	-0.0184128887191
951	-0.084424971707
952	-0.100733853314
953	-0.100733853314
954	-0.0672268161999
955	-0.0672268161999
956	-0.129969845023
957	-0.149023605697
958	-0.149023605697
959	-0.146388791026
960	-0.135038318817
961	-0.135038318817
962	-0.201726808516
963	-0.201726808516
964	-0.147984481919
965	-0.147984481919
966	-0.142622272068
967	-0.153079851899
968	-0.153079851899
969	-0.198017522042
970	-0.283351156031
971	-0.293015813648
972	-0.293015813648
973	-0.293015813648
974	-0.280944506528
975	-0.280944506528
976	-0.290632894753
977	-0.317277389487
978	-0.317277389487
979	-0.317277389487
980	-0.333946643619
981	-0.378440439336
982	-0.378440439336
983	-0.354574757288
984	-0.354574757288
985	-0.372839002573
986	-0.4013629177
987	-0.474462967043
988	-0.474462967043
989	-0.474462967043
990	-0.486644872234
991	-0.486644872234
992	-0.501000003103
993	-0.370062543666
994	-0.497911757009
995	-0.497911757009
996	-0.497911757009
997	-0.460565063299
998	-0.460565063299
999	-0.491599136362
