0	-0.0507065460286
1	-0.0720815198659
2	0.00646978527574
3	0.0136349043672
4	0.15774082301
5	-0.047335212506
6	0.0306922055189
7	0.0604763507056
8	0.0662851661393
9	0.123090817291
10	0.017936151816
11	0.0931391699229
12	0.11212160035
13	0.0513319218478
14	0.0389814470099
15	0.212484290392
16	0.197338838268
17	0.15380865985
18	0.215178490766
19	0.229032399638
20	0.182001145016
21	0.20910346448
22	0.196111536931
23	0.233840395413
24	0.203643834735
25	0.306432371056
26	0.28668783969
27	0.28771904445
28	0.209065891
29	0.225968287645
30	0.257179518413
31	0.254418722
32	0.368343449905
33	0.296862957331
34	0.294638870608
35	0.322131153427
36	0.295736811752
37	0.305037974046
38	0.368410799918
39	0.348988981778
40	0.394520692868
41	0.417899931566
42	0.405398975298
43	0.481866526418
44	0.406709809522
45	0.430283624459
46	0.390718560376
47	0.454328732643
48	0.407813310766
49	0.550520377919
50	0.48343011353
51	0.528498990925
52	0.511748526261
53	0.44924815896
54	0.485030105409
55	0.510000832232
56	0.538182744441
57	0.424426692338
58	0.511524382531
59	0.538049245374
60	0.515994311204
61	0.610598129767
62	0.59565402829
63	0.634413196976
64	0.598757573127
65	0.536198717569
66	0.648205111115
67	0.559545780027
68	0.682619991246
69	0.594046769201
70	0.603042211296
71	0.672765658134
72	0.574441511863
73	0.594938939535
74	0.618319860729
75	0.627482385528
76	0.70111259023
77	0.596014752904
78	0.667967118843
79	0.725845644686
80	0.696840512862
81	0.786075579766
82	0.635825112747
83	0.748364671603
84	0.749455853142
85	0.779475565484
86	0.630220624295
87	0.820649684403
88	0.785107120808
89	0.782884844818
90	0.774934410503
91	0.829622409177
92	0.803554191984
93	0.836349153289
94	0.833011391082
95	0.725027704657
96	0.843734612349
97	0.684577644387
98	0.8937757676
99	0.879519234811
100	0.85612593688
101	0.934382658442
102	0.801341169273
103	0.795982518729
104	0.855178341955
105	0.819464397014
106	0.865653717336
107	0.844276058034
108	0.993167161244
109	0.946789789771
110	0.971425457544
111	0.871515429438
112	0.874941700573
113	0.920471492339
114	0.861549675534
115	0.915674885717
116	0.900109355938
117	0.868229898802
118	0.983801042779
119	0.958257021726
120	0.879555840124
121	0.892747680592
122	0.931166601855
123	0.998483632549
124	0.915913602557
125	0.925775238621
126	0.949467736497
127	1.03635289145
128	0.886390069664
129	0.876786353947
130	0.910082116566
131	0.955684914077
132	0.933367214469
133	0.886640551822
134	0.952166398173
135	0.941291468399
136	0.906060791789
137	1.04322120541
138	0.9843444688
139	0.986611159308
140	0.951939078921
141	1.00654862656
142	0.920519482913
143	1.01220999848
144	0.945097392444
145	0.994220119272
146	0.965232348155
147	0.985961924576
148	1.0777396611
149	1.01340833464
150	0.989640066567
151	0.9964213879
152	0.954009858693
153	1.04579095955
154	1.09418080651
155	0.94433333454
156	0.969874834947
157	0.917618337041
158	1.05855074933
159	0.91214091637
160	0.894236553198
161	0.986116492483
162	0.970269641768
163	0.968681186327
164	0.987944510313
165	0.98793297155
166	0.999927968985
167	1.00827432766
168	1.03394719988
169	0.981031622209
170	0.994614872079
171	1.05563613386
172	0.9449832375
173	1.00493217092
174	0.954520204871
175	1.04254243204
176	0.967684010747
177	0.931313439899
178	0.928188740613
179	0.94914528984
180	1.00445963769
181	0.941448271824
182	0.99068829517
183	0.960912610469
184	0.957277229389
185	0.964682496354
186	1.01983799319
187	0.966943188573
188	1.00202555495
189	1.02924189371
190	1.00102482671
191	1.00513824307
192	0.926034980467
193	0.903763191678
194	0.882089337128
195	0.885742152865
196	0.896375057633
197	0.904607812661
198	0.977068616432
199	0.932114943021
200	0.898103413758
201	0.889683426383
202	0.832996157423
203	0.952979546139
204	0.855096731389
205	0.9425138455
206	0.854047468289
207	0.843894319008
208	0.92392957095
209	0.942766989409
210	0.869591634195
211	0.955551785588
212	0.803180953982
213	0.823561627835
214	0.856832958331
215	0.861537058897
216	0.884240096061
217	0.922816786026
218	0.79406239228
219	0.836912602725
220	0.862067214214
221	0.80491802272
222	0.717846141637
223	0.805184737358
224	0.796842986278
225	0.73180683297
226	0.811218410393
227	0.721186443068
228	0.763941370802
229	0.795160850567
230	0.769505842271
231	0.840279323835
232	0.827435654709
233	0.714918152966
234	0.759666184567
235	0.725099926783
236	0.652494836204
237	0.698539659597
238	0.612279481218
239	0.710917046829
240	0.673447028618
241	0.592026153466
242	0.706188555161
243	0.682256590458
244	0.704708814877
245	0.612839084614
246	0.722064684772
247	0.613332325269
248	0.568988996166
249	0.618738602608
250	0.618267974158
251	0.502103994421
252	0.621205496396
253	0.569514097584
254	0.570164569713
255	0.538233226393
256	0.465030102306
257	0.529636985489
258	0.449275372332
259	0.537347488076
260	0.514288155667
261	0.48371588897
262	0.50051600959
263	0.456724161102
264	0.557922219529
265	0.418580113744
266	0.481106474301
267	0.407571972448
268	0.463702797872
269	0.432708354124
270	0.375717306724
271	0.407752697325
272	0.319838039388
273	0.399643654753
274	0.409065189325
275	0.372592851874
276	0.452922845704
277	0.336789349827
278	0.299908177238
279	0.305201677982
280	0.374059291313
281	0.388314716459
282	0.258752363639
283	0.219689937481
284	0.244064170323
285	0.223401555089
286	0.291794478431
287	0.161002869299
288	0.29867514317
289	0.213081056597
290	0.254653138093
291	0.217120807798
292	0.208495506031
293	0.217901815172
294	0.15433752355
295	0.275648649127
296	0.230154414612
297	0.198663678065
298	0.226608219668
299	0.19184643121
300	0.144003145636
301	0.185871273045
302	0.205810778879
303	0.125323163111
304	0.119692082977
305	0.167658160457
306	0.0731580198921
307	0.0708767222548
308	0.141693733612
309	-0.0333494116062
310	0.0381970631511
311	-0.0323397316545
312	-0.0260028327459
313	0.0926540834108
314	0.0596585355489
315	-0.0357114708001
316	0.0230315248366
317	0.00282728878796
318	-0.0500586040718
319	-0.0693738842153
320	-0.023132999255
321	-0.0566112810956
322	-0.108691227898
323	-0.0132060990967
324	-0.0667810084652
325	-0.0964514699233
326	-0.0873940131408
327	-0.17476292236
328	-0.22405806226
329	-0.0936031367026
330	-0.155907170002
331	-0.168637807345
332	-0.191046768715
333	-0.152837098123
334	-0.203991593089
335	-0.237395367718
336	-0.239398255941
337	-0.152607014668
338	-0.271406478178
339	-0.169255203183
340	-0.323840760248
341	-0.255387132662
342	-0.150990843532
343	-0.215413623107
344	-0.314859379031
345	-0.198749303651
346	-0.304482283007
347	-0.352461213496
348	-0.334228688535
349	-0.428961170024
350	-0.326772255117
351	-0.353214849076
352	-0.45361441287
353	-0.301112111786
354	-0.418165335525
355	-0.441056245566
356	-0.419521901337
357	-0.430786880574
358	-0.417991399285
359	-0.46057786556
360	-0.510116119929
361	-0.401732530868
362	-0.488802828336
363	-0.414868755965
364	-0.423284217414
365	-0.398003602246
366	-0.469866117278
367	-0.52015212208
368	-0.393234711542
369	-0.512992217347
370	-0.468984925516
371	-0.481270469984
372	-0.526795901736
373	-0.568827835387
374	-0.586174256276
375	-0.549336863748
376	-0.645429302453
377	-0.579364166887
378	-0.607552901027
379	-0.665462819697
380	-0.670832644786
381	-0.666453235723
382	-0.627647578475
383	-0.596833973112
384	-0.754345398854
385	-0.659025309939
386	-0.633680902647
387	-0.718021921953
388	-0.69438193711
389	-0.651105732132
390	-0.651779082411
391	-0.632103577618
392	-0.626962377743
393	-0.645556684372
394	-0.694433361361
395	-0.80743981268
396	-0.741000722916
397	-0.79794491699
398	-0.752222617357
399	-0.81255283308
400	-0.772035141404
401	-0.728561373971
402	-0.728040827925
403	-0.704030951521
404	-0.762442626589
405	-0.744069424159
406	-0.804604838968
407	-0.805033010211
408	-0.837355164811
409	-0.774681906895
410	-0.801282121254
411	-0.738461032476
412	-0.829102727754
413	-0.895572650094
414	-0.876123541441
415	-0.785933267438
416	-0.902556061484
417	-0.856029866213
418	-0.793564795422
419	-0.851690114667
420	-0.831827191347
421	-0.823193613923
422	-0.939085504796
423	-0.880878819086
424	-0.922820269067
425	-0.822115738117
426	-0.878427790554
427	-0.886237336952
428	-0.919379605852
429	-0.904265425384
430	-0.935270051945
431	-0.834523291078
432	-0.945091489564
433	-0.906403646088
434	-0.983049400137
435	-0.94031901449
436	-0.921849198186
437	-0.977054500828
438	-0.874049807955
439	-0.957091957149
440	-0.879874247964
441	-0.917308634035
442	-0.95819153133
443	-0.918426749942
444	-1.04262907535
445	-0.985720972595
446	-1.00455834354
447	-1.00263942993
448	-1.02930163667
449	-0.902848096929
450	-0.938815381946
451	-1.04326851154
452	-0.948230611631
453	-1.0065555466
454	-1.0325174732
455	-0.862774468062
456	-0.989008471699
457	-0.980692804542
458	-0.900441227573
459	-1.03266868117
460	-0.948143825323
461	-1.03954730643
462	-1.05216296655
463	-1.05114348105
464	-0.971208279885
465	-0.950499689303
466	-1.01145653256
467	-1.01049714965
468	-1.05108753501
469	-1.0413272027
470	-0.976605668505
471	-0.950264678392
472	-0.939703060568
473	-0.979429232522
474	-1.06670839426
475	-1.02004285669
476	-0.895159337965
477	-1.01209366781
478	-1.03467273519
479	-1.01044093172
480	-1.03890619288
481	-0.999207505464
482	-0.998303307819
483	-1.01235973405
484	-1.04153206675
485	-0.980117685349
486	-1.03256142584
487	-1.10994776305
488	-0.97491148936
489	-1.02151573328
490	-0.953909762176
491	-0.948736456928
492	-0.973171846119
493	-0.956000350243
494	-0.971640177379
495	-0.916367713331
496	-0.983578860129
497	-0.951403566174
498	-0.926824140733
499	-0.99701027338
500	-0.87977684517
501	-0.872659937553
502	-0.966863320101
503	-0.973652565304
504	-0.918547221235
505	-0.941723855916
506	-0.993703942493
507	-1.0019929892
508	-0.972406309146
509	-0.964403130138
510	-0.905967763466
511	-0.982457134157
512	-0.844427192109
513	-0.880663113256
514	-0.956179483797
515	-0.953794300411
516	-0.960273620019
517	-0.881055410437
518	-0.914601621768
519	-0.885548076534
520	-0.79452828119
521	-0.871106682796
522	-0.872438825329
523	-0.877209368376
524	-0.854201097202
525	-0.860724717732
526	-0.91581434319
527	-0.789909383958
528	-0.793158102695
529	-0.837827861664
530	-0.721112100477
531	-0.840099576875
532	-0.953677878925
533	-0.778194285984
534	-0.861361121812
535	-0.818042348528
536	-0.901193045626
537	-0.714207717002
538	-0.796858114946
539	-0.786546652757
540	-0.717441612279
541	-0.825086965254
542	-0.73801099106
543	-0.717338989047
544	-0.772335621671
545	-0.843984150712
546	-0.830761644633
547	-0.772369890945
548	-0.752779514091
549	-0.674196495947
550	-0.700791087993
551	-0.687915276772
552	-0.703073276261
553	-0.707594099215
554	-0.714647940282
555	-0.590343563393
556	-0.606870488541
557	-0.706402352261
558	-0.616832246899
559	-0.678666936342
560	-0.596591242093
561	-0.647902529227
562	-0.70160918762
563	-0.668949681899
564	-0.616297022496
565	-0.56934106755
566	-0.596853033922
567	-0.55021834002
568	-0.580266798367
569	-0.535123379753
570	-0.547410666717
571	-0.482119124648
572	-0.51695637736
573	-0.530877037888
574	-0.494437554374
575	-0.529256803798
576	-0.449812813629
577	-0.532769571063
578	-0.516555065428
579	-0.495986565093
580	-0.445909588148
581	-0.511730534531
582	-0.414718790525
583	-0.399931531102
584	-0.490334406504
585	-0.384019929418
586	-0.367998852306
587	-0.37089424368
588	-0.454253330919
589	-0.357072544176
590	-0.404047121587
591	-0.339241823506
592	-0.308984591297
593	-0.372187192131
594	-0.253787203778
595	-0.257648083475
596	-0.250171521601
597	-0.251258064904
598	-0.228114419194
599	-0.323478676725
600	-0.2911447329
601	-0.304119111017
602	-0.285606235447
603	-0.24955741536
604	-0.219742793875
605	-0.154113656986
606	-0.169392753925
607	-0.225727443898
608	-0.239415752009
609	-0.121491067851
610	-0.0682449319533
611	-0.200716465317
612	-0.194066995833
613	-0.0940618672209
614	-0.182032499533
615	-0.136460770521
616	-0.107897142671
617	-0.145354710894
618	-0.101640446456
619	-0.0532130796285
620	-0.0694842501998
621	-0.0243204910331
622	0.0221077154439
623	-0.0120848969789
624	-0.10151885449
625	0.00937953115328
626	-0.0699149329878
627	-0.0336740065385
628	-0.0577794270779
629	0.0572364795135
630	0.0263644497146
631	0.0658917292071
632	0.0408838480047
633	0.0894862341462
634	0.0538903349642
635	0.164558865329
636	0.0666784002284
637	0.213266021537
638	-0.00941700270441
639	0.143033321541
640	0.18889106497
641	0.0933234461277
642	0.0678158925688
643	0.155845149567
644	0.124813628227
645	0.154827468909
646	0.174925975449
647	0.277479065432
648	0.173001211497
649	0.126937073952
650	0.258590758312
651	0.330876625364
652	0.302276502696
653	0.226996583831
654	0.340226212072
655	0.254657876273
656	0.248980414657
657	0.330910054854
658	0.330435369996
659	0.199110819419
660	0.352519270308
661	0.250713608534
662	0.341669865755
663	0.253218969129
664	0.348142846772
665	0.400053921327
666	0.338628195953
667	0.375575084933
668	0.403305286516
669	0.462413976762
670	0.449428152705
671	0.431115168881
672	0.394525237904
673	0.396195629734
674	0.454724548157
675	0.402831629801
676	0.549901366282
677	0.529601581951
678	0.501258276737
679	0.47478372827
680	0.536833511261
681	0.517826943009
682	0.559486291082
683	0.542254380556
684	0.454987602899
685	0.545394068842
686	0.456424839875
687	0.5885272564
688	0.480890477552
689	0.568045106834
690	0.697749527696
691	0.507555614279
692	0.643806918744
693	0.593809861592
694	0.595239993395
695	0.630349336512
696	0.662122120623
697	0.64681433937
698	0.730502421304
699	0.712614709066
700	0.636935649643
701	0.648855653015
702	0.658459980309
703	0.714592024389
704	0.685635639176
705	0.723488367996
706	0.638091717075
707	0.746600053547
708	0.743895652697
709	0.666773940431
710	0.715962592336
711	0.81434680193
712	0.75871318984
713	0.762103682614
714	0.77150877197
715	0.766074902056
716	0.815213498978
717	0.775038205043
718	0.788555248263
719	0.717313788466
720	0.779545964571
721	0.860967630013
722	0.764375427521
723	0.777622619357
724	0.823678915319
725	0.686553111963
726	0.740534361776
727	0.85757528478
728	0.750725475949
729	0.787985536351
730	0.848786004031
731	0.909013282199
732	0.836625657103
733	0.872819258928
734	0.936606236032
735	0.803459673124
736	0.831102640111
737	0.928977511694
738	0.863566770448
739	0.914677491659
740	0.88764928906
741	0.871730068524
742	0.803329198038
743	0.979327668775
744	0.770440816763
745	0.861993006189
746	0.881046458544
747	0.947086233708
748	0.951497022638
749	0.874666410147
750	0.860656552172
751	0.972439992517
752	1.00070191393
753	0.926919687488
754	0.98303076623
755	0.959734104533
756	1.0678122755
757	0.916716658602
758	0.980824442293
759	1.03205230934
760	0.914936700718
761	0.978584257435
762	0.9611546239
763	1.05780390597
764	0.947088740217
765	1.0414945018
766	0.950006560729
767	0.890335531612
768	0.990087419064
769	0.894781359151
770	1.03595959875
771	0.939993517453
772	1.00387430402
773	0.927792338202
774	1.06763927549
775	1.05136996387
776	0.984160560863
777	1.04318211351
778	1.02614003845
779	1.11675177544
780	1.06125948055
781	0.931924545184
782	1.0035254124
783	1.01830191044
784	1.07984089724
785	0.925676436229
786	1.0254445837
787	0.981683825552
788	1.01800878513
789	0.996384001143
790	0.925857096117
791	1.00436824921
792	0.9711977087
793	0.894008419788
794	0.958415357571
795	0.989496765806
796	1.02222863333
797	1.11797125203
798	0.982066315469
799	1.0547233221
800	1.00645260578
801	1.02858237421
802	1.02485364603
803	0.956369062087
804	0.951478465315
805	0.995810454189
806	0.995929271974
807	0.972103343057
808	1.01726799645
809	0.964011673228
810	0.998408140802
811	1.01094862725
812	0.935973448761
813	0.974614622667
814	0.927901565623
815	0.988293436298
816	1.01286266916
817	0.946426005483
818	1.02088767074
819	1.02702179336
820	0.793443814785
821	1.02668413861
822	0.953621371944
823	0.851762737353
824	0.868749896607
825	0.908494352914
826	0.945774566684
827	0.911221438631
828	0.904108082897
829	0.865504787414
830	0.94280208305
831	0.839796797568
832	0.825509314557
833	0.948430339249
834	0.867642498881
835	0.88224877591
836	0.807528850676
837	0.804482563316
838	0.921811106972
839	0.961337857681
840	0.778594597132
841	0.878145807062
842	0.78235340673
843	0.882152488218
844	0.840982978258
845	0.803442841347
846	0.814162850523
847	0.844325386218
848	0.895212342915
849	0.746645098125
850	0.782837688193
851	0.863260623818
852	0.816211048881
853	0.731265785754
854	0.813353282817
855	0.706881180313
856	0.718962423378
857	0.717461347888
858	0.702839068394
859	0.73052383833
860	0.684796992829
861	0.715000568166
862	0.661178861757
863	0.795214139957
864	0.75977853561
865	0.634505309098
866	0.682193960246
867	0.60578289086
868	0.606481885827
869	0.620061221832
870	0.731613109803
871	0.549355850399
872	0.601824936554
873	0.630674017963
874	0.594670736637
875	0.55634003785
876	0.65042210127
877	0.638448833392
878	0.617392737268
879	0.585661196371
880	0.577733475636
881	0.552834359117
882	0.4897314847
883	0.563041695994
884	0.559782686266
885	0.608240308065
886	0.556790848596
887	0.458674278149
888	0.601538907774
889	0.505561449744
890	0.466923859827
891	0.556310354187
892	0.533879856097
893	0.460267624289
894	0.509033765773
895	0.480079568423
896	0.444035941394
897	0.420591465486
898	0.405834472776
899	0.514577864752
900	0.396092655802
901	0.45978339043
902	0.318763545261
903	0.272847427692
904	0.395889310983
905	0.361826559353
906	0.367495464885
907	0.372521746283
908	0.360051843162
909	0.400161656405
910	0.29564053186
911	0.283648219563
912	0.304150478268
913	0.207588504719
914	0.268096617293
915	0.271140730425
916	0.248794138509
917	0.347476936204
918	0.216711087927
919	0.203241848271
920	0.221463113704
921	0.317052614671
922	0.215200549658
923	0.224555931066
924	0.212789461886
925	0.205215214367
926	0.173274423342
927	0.0591035288463
928	0.122355842342
929	0.0988853968743
930	0.0543639176306
931	0.186177173731
932	0.0885511890911
933	0.123142998082
934	0.159353197894
935	0.107413923226
936	-0.00858122585782
937	0.00259343768541
938	0.0127630463526
939	0.0235141616872
940	-0.00430946930869
941	-0.0215964114896
942	0.0214700766019
943	-0.0413522141883
944	-0.0158294103276
945	-0.114758147524
946	-0.0185532334988
947	-0.0343183467275
948	-0.0184128887191
949	0.0209847434655
950	-0.084424971707
951	-0.100733853314
952	-0.132199291138
953	-0.0672268161999
954	-0.0310304018133
955	-0.129969845023
956	-0.149023605697
957	-0.187404313712
958	-0.146388791026
959	-0.103798318853
960	-0.135038318817
961	-0.201726808516
962	-0.212875824225
963	-0.147984481919
964	-0.142622272068
965	-0.283951343176
966	-0.119709268337
967	-0.153079851899
968	-0.198017522042
969	-0.306040256966
970	-0.283351156031
971	-0.293015813648
972	-0.310331709714
973	-0.280944506528
974	-0.273582528115
975	-0.380052054386
976	-0.290632894753
977	-0.317277389487
978	-0.333946643619
979	-0.287004489213
980	-0.378440439336
981	-0.401595494947
982	-0.337167707812
983	-0.354574757288
984	-0.4013629177
985	-0.372839002573
986	-0.482120354347
987	-0.474462967043
988	-0.445586867428
989	-0.486644872234
990	-0.501000003103
991	-0.370062543666
992	-0.549790581342
993	-0.316434561882
994	-0.497911757009
995	-0.522711505322
996	-0.456484685191
997	-0.460565063299
998	-0.530742002581
999	-0.491599136362
